280828
280729
281499
282467
281173
281043
281860
281099
282385
3283884
504413
786336
282208
781334
533285
768317
282170
286861
506768
3283879
3283883
3283880
282343
530464
280838
280950
514346
326601
539196
282390
3283885
513222
3283882
326599
777776
326582
508861
504876
788861
281728
281105
281181
513031
282220
282209
282052
767910
281894
282466
327715
515534
326602
512805
514170
281032
532569
281341
534279
3283877
777789
326598
615556
286853
515696
327711
282847
444874
281214
509764
337890
516063
280979
404190
282358
534553
615199
286839
3283889
512886
414347
281871
509426
616818
404137
327662
282430
281496
282053
768327
404140
539555
286790
286884
281418
510615
281863
280815
513895
767925
3283881
281997
505040
615114
514407
282151
281370
512745
338472
529235
281141
282884
3283878
337888
514569
508165
504773
540965
281983
326588
282226
616210
507564
506596
509163
281433
3283888
281641
281735
789216
617165
615638
493724
507270
281274
615107
281251
505507
540286
404547
286868
514966
539373
281759
506973
281758
533892
407194
281898
282883
282048
404156
281044
404107
404148
280746
505080
282199
281833
509107
614345
504390
338049
287017
613795
614795
767836
281543
287012
507476
3283886
513128
281004
535668
282141
614069
281736
618702
286807
282877
507168
504958
616871
404122
506297
404142
281476
787914
614241
281766
508836
512361
531505
614672
540276
767908
510314
515416
404133
509820
338058
510994
515854
280981
512207
614967
513055
513342
327682
281831
539241
533310
535273
614915
507309
281345
337887
511051
514046
615178
539459
286867
281111
615447
540838
532712
511903
614538
281281
281212
505093
